Random BST size vs. height (Insertion)
------------------------------------------
100 14
199 16
297 18
392 18
487 19
586 21
678 22
771 22
863 23
956 23
1044 23
1132 23
1223 23
1308 24
1387 25
1480 25
1561 26
1647 27
1725 27
1810 27
1895 27
1974 27
2045 27
2129 27
2208 27
2284 27
2355 27
2439 27
2512 27
2590 27
2661 27
2730 27
2795 27
2870 27
2942 27
3010 28
3082 28
3154 28
3221 28
3290 28
3363 28
3431 28
3499 28
3562 28
3627 28
3678 28
3753 28
3815 28
3881 28
3938 28
3994 28
4054 28
4120 29
4184 29
4250 29
4305 29
4365 29
4420 29
4472 29
4529 29
4584 29
4633 29
4683 29
4737 29
4789 29
4844 29
4901 29
4951 29
5012 29
5071 29
5122 29
5168 29
5219 29
5263 29
5306 29
5346 29
5394 29
5440 29
5490 29
5537 29
5568 29
5616 29
5663 29
5699 29
5749 29
5796 29
5833 29
5876 29
5913 29
5949 29
5990 29
6032 29
6068 29
6113 29
6149 29
6185 29
6228 29
6264 29
6296 29
Random BST size vs. height (Deletion)
------------------------------------------
6323 29
6224 29
6126 29
6029 29
5931 28
5840 28
5750 28
5656 28
5569 28
5479 28
5395 28
5305 28
5218 28
5135 28
5052 28
4969 28
4892 28
4812 28
4730 28
4648 28
4565 28
4490 28
4412 27
4340 27
4265 27
4201 27
4130 27
4053 27
3984 27
3915 27
3850 27
3783 27
3713 27
3643 27
3570 27
3503 27
3437 27
3381 27
3315 27
3248 27
3183 27
3116 27
3052 27
2992 27
2932 27
2876 27
2809 27
2743 26
2683 26
2635 26
2582 26
2528 26
2473 26
2409 26
2357 25
2295 25
2235 25
2178 25
2127 25
2074 25
2008 25
1949 25
1888 25
1840 25
1790 25
1744 25
1689 24
1643 24
1594 24
1539 24
1491 24
1441 24
1390 24
1332 24
1278 24
1222 23
1176 23
1118 23
1077 23
1026 23
983 23
936 23
892 20
839 20
783 20
735 20
681 20
632 20
590 20
539 20
482 20
430 20
383 19
335 19
285 19
239 18
191 16
142 14
97 12
48 9
0 0
